"a" "b" "value"
0 11 10.6602309 
0 19 13.36611198 
1 6 9.513784653 
1 16 2.613698314 
2 18 2.800009569 
3 6 3.029918949 
3 10 4.938584649 
4 2 14.67062009 
4 5 11.8291719 
4 6 14.83887263 
5 10 15.99521994 
5 13 8.869925643 
5 15 0.683637604 
6 14 13.26371056 
6 16 1.779921498 
7 3 7.161697485 
8 0 18.35266224 
8 6 1.501862926 
8 7 14.31817203 
8 11 16.53346815 
9 17 13.19908823 
10 13 18.24638693 
10 19 8.988295593 
11 8 1.307490283 
11 14 4.148930616 
11 17 15.66755249 
12 6 11.63326253 
13 2 5.427350219 
13 7 17.49149739 
13 10 12.38691285 
13 12 10.79105642 
13 17 13.01119922 
13 19 13.9200878 
14 4 19.71697942 
14 9 9.053837383 
14 10 13.84508164 
14 19 14.66045412 
15 1 12.11934156 
15 13 18.13124265 
16 1 14.96340529 
16 5 4.170742686 
16 7 17.54679671 
16 13 8.307746581 
17 0 19.55369115 
17 8 1.766319571 
18 9 12.73555667 
18 11 3.568552838 
18 13 9.200877093 
20 3 16.60326462 
20 5 5.546829325 
20 13 10.47422653 
21 1 0.991247506 
21 11 9.416922057 
22 4 17.70516968 
22 10 13.78856534 
23 10 16.19132237 
23 19 6.548314454 
24 0 2.643945267 
24 8 8.75333718 
24 16 7.20217424 
25 5 5.591197573 
25 7 17.91061871 
25 8 13.06121005 
26 1 11.74463088 
26 18 1.096314985 
27 9 5.737749957 
28 7 4.518304112 
28 14 11.76181204 
28 16 8.612554272 
29 0 6.123276741 
29 12 1.354422204 
29 14 13.99494362 
30 12 16.54653701 
30 16 0.672873608 
31 2 16.10079592 
31 6 9.128200672 
31 7 2.244448538 
31 10 12.51740797 
31 11 19.14703354 
32 15 11.49312925 
32 19 19.19815968 
33 7 15.29163222 
33 19 3.999253785 
34 5 0.789352509 
35 2 4.780693174 
35 12 0.138962218 
36 2 11.7286347 
37 14 6.343168615 
37 17 17.98366573 
38 14 19.48412512 
39 6 13.89472755 
39 16 1.564276415 
39 19 9.045337358 
40 1 12.97272712 
40 11 2.625013806 
40 12 1.164863955 
41 15 17.04129232 
42 2 1.201432632 
42 3 18.32329925 
43 9 5.75414303 
43 11 11.95508809 
44 7 14.81500407 
44 9 0.917415756 
44 13 14.05351455 
45 2 18.2263654 
45 3 6.783118315 
45 12 13.49665729 
45 15 1.798334301 
46 6 4.537791878 
46 14 4.79771229 
47 0 14.60560452 
47 10 7.559600621 
47 19 15.37851243 
48 2 10.54446439 
48 10 11.64496222 
48 17 0.326686375 
49 18 5.731726177 
51 9 3.044353925 
51 11 8.662901904 
51 14 5.926783827 
51 16 1.825127498 
52 1 13.03040365 
53 9 10.35631242 
54 10 8.673218699 
54 18 0.004932391 
55 6 6.691834495 
55 17 7.673982793 
56 3 16.45282672 
56 7 12.59743621 
56 8 10.82043459 
56 12 2.121366246 
56 13 15.16138851 
57 7 15.40951903 
57 16 3.753768663 
58 7 15.19944249 
58 9 16.40521875 
58 16 9.627031879 
58 18 5.983385005 
59 4 8.700868987 
59 9 16.27460248 
59 16 16.9338437 
60 1 16.41410019 
60 3 8.372704362 
61 12 2.738583438 
62 6 18.39888884 
63 0 8.817106831 
64 15 4.749351786 
65 0 6.259450419 
65 8 0.054287014 
65 10 17.48648507 
65 12 8.084462683 
66 1 4.956316504 
66 7 0.677144709 
66 9 7.419837395 
66 13 13.05766759 
67 13 8.327934162 
67 15 18.30613912 
68 13 9.195066882 
69 12 6.348508 
69 19 14.00472457 
70 2 11.07582752 
70 3 0.161523178 
70 4 1.79267295 
70 9 2.643892163 
71 7 18.22084833 
72 2 9.884628944 
75 16 8.148822072 
77 14 10.96384479 
77 16 14.89155979 
78 14 19.24261087 
79 4 11.4894424 
79 7 2.36250672 
79 8 6.332827724 
79 9 16.66925633 
79 14 14.8207163 
80 10 9.731856437 
81 12 15.53223984 
81 14 0.211450365 
81 17 4.440620719 
82 4 18.01880131 
82 11 3.963134917 
82 18 17.82800694 
84 0 19.86139625 
84 15 4.262429635 
85 0 16.83434133 
85 10 15.73425908 
85 12 18.80876186 
86 4 16.50901248 
86 7 0.078859659 
86 16 10.02595037 
87 1 14.44151516 
87 12 7.930397946 
87 16 11.84087082 
88 17 12.27463096 
89 0 6.707721978 
89 9 2.347785245 
89 12 11.19423578 
90 12 8.224516522 
90 14 11.52103486 
90 19 19.25149476 
91 12 10.10364148 
92 3 8.639407767 
93 1 16.46407255 
93 9 6.090049449 
93 10 12.04889018 
93 12 11.51187783 
93 16 6.132608932 
93 18 6.940096336 
94 1 3.941210074 
94 4 10.08965774 
94 7 5.327789031 
94 9 10.48333856 
94 18 13.62080435 
94 19 14.48622164 
95 2 2.589079282 
95 17 11.117288 
97 4 8.942045322 
98 5 5.598673396 
98 14 19.45457631 
99 8 2.604099542 
99 19 10.30449039 
100 18 7.147636746 
101 1 14.45231782 
101 2 16.40250294 
101 3 16.55849662 
101 14 6.334849658 
102 16 10.57638562 
104 17 0.354960681 
105 5 12.82176125 
105 6 10.09197469 
105 15 13.40141985 
106 8 12.55468476 
107 0 18.59808638 
107 1 8.071857755 
109 7 15.19154175 
109 9 1.276409653 
109 15 5.581114034 
110 7 5.084708728 
110 8 3.854536721 
110 9 8.808441807 
110 12 2.335845282 
112 10 8.116532819 
112 13 4.752563573 
112 18 11.21508113 
113 1 17.318753 
113 5 16.30776463 
113 17 18.43637825 
114 2 7.930623558 
115 1 4.820979545 
115 3 16.15537605 
116 12 10.85247224 
116 14 15.10054208 
116 17 5.305701896 
116 19 6.949461677 
118 1 3.41949022 
118 3 19.40223859 
118 5 4.996855468 
118 9 17.50297708 
118 10 13.47557638 
119 12 8.36975491 
119 18 7.340563238 
120 8 15.92743235 
120 16 15.00661503 
121 10 17.19589685 
121 13 19.96876472 
122 4 16.22262549 
122 16 0.434054112 
122 17 0.869966804 
123 8 19.71766865 
123 14 3.319767391 
124 0 4.672885483 
124 8 16.08890576 
126 15 3.580693609 
126 17 8.978337843 
127 0 1.22379959 
127 4 4.799729694 
127 13 15.87829046 
128 14 9.860912608 
128 18 5.1144031 
130 12 7.932825407 
130 16 12.99373147 
131 6 6.559302521 
131 14 10.00486972 
132 4 19.72642656 
133 1 13.94271324 
133 3 2.052643735 
133 6 4.005363297 
133 9 1.092753376 
133 14 7.862890083 
133 17 4.619006227 
134 0 17.52505336 
134 10 0.261638182 
134 16 0.539042725 
135 4 13.94829379 
135 6 1.709389948 
135 13 2.624208092 
136 1 9.953231984 
136 5 9.142702425 
136 13 2.516322657 
137 3 4.107926465 
137 18 18.47897375 
138 1 0.696773638 
138 9 15.63669216 
138 18 16.93175649 
139 0 17.65993483 
139 4 0.960357061 
139 7 12.43188743 
139 14 11.64722795 
139 16 2.445904588 
139 17 14.47550917 
139 19 15.05353708 
140 1 1.852604815 
140 8 17.0899192 
141 12 4.998875276 
141 17 19.76834389 
142 0 9.705249395 
142 17 10.17023465 
143 12 2.991043956 
143 14 0.693113879 
145 8 7.158869401 
146 11 0.897610444 
147 0 0.929816745 
147 4 7.512814604 
147 7 7.350608236 
147 12 17.8733131 
148 0 17.33408565 
148 2 19.23020813 
149 12 6.650811821 
149 13 2.803165887 
150 3 15.55264904 
150 6 4.106479237 
150 8 5.117630209 
150 11 9.866495353 
151 6 0.590686275 
152 6 6.550866724 
152 10 16.43185694 
153 0 14.62076499 
153 8 1.048252659 
153 12 16.60091091 
154 7 12.77248455 
154 8 19.52592191 
154 16 12.10433991 
154 19 18.18015199 
155 1 8.608919997 
155 3 7.293618239 
155 12 3.073935378 
156 15 0.05150596 
156 16 5.740506669 
156 19 19.20386548 
157 6 11.69779353 
159 18 18.61787803 
160 12 14.43290835 
160 16 17.67186909 
160 19 15.06535571 
161 3 7.920681343 
161 17 1.775739026 
162 12 10.2477887 
162 13 18.16669377 
164 3 3.714603115 
164 4 17.42720127 
165 1 6.330617832 
165 19 15.92621181 
166 19 9.113661874 
167 11 3.431601136 
167 15 9.355293595 
167 19 12.24997317 
168 11 14.72519835 
169 3 19.73360955 
169 12 3.413946531 
169 14 4.593834342 
170 18 10.20100785 
170 19 5.674912325 
171 1 19.69262267 
171 7 0.440527775 
171 8 1.652677406 
171 9 16.97302834 
171 12 17.4199223 
172 2 2.187164187 
172 7 8.271013867 
172 10 9.271084091 
172 14 6.099209922 
172 17 14.81199271 
173 0 12.07146832 
173 4 5.182481001 
173 7 7.270800272 
173 15 1.561656789 
174 6 0.522941218 
175 5 2.355383995 
175 14 14.06611804 
176 7 18.0671452 
176 14 11.67878952 
176 19 19.56185208 
177 3 7.425098666 
177 14 0.739205341 
177 17 11.01586498 
178 0 2.330226392 
179 8 17.68115697 
179 16 10.01007671 
180 1 18.89497514 
180 2 16.25357582 
182 10 19.4809088 
182 15 8.659484922 
184 16 3.022971288 
185 8 17.66864303 
185 19 17.68576633 
186 9 4.155409004 
187 0 8.26688887 
187 6 2.585583634 
187 10 19.0642542 
188 10 15.48152009 
188 12 19.2251909 
188 15 4.585383854 
189 4 17.99982968 
189 9 10.06199605 
189 16 8.00968808 
190 2 0.710677553 
190 10 17.75199861 
191 1 16.98395899 
191 3 1.583554849 
192 1 9.533307332 
192 5 2.478240768 
192 13 4.372553796 
193 2 7.780605168 
193 11 5.862154645 
194 6 12.41274086 
194 8 15.32811737 
195 6 0.654991862 
195 19 0.678192497 
196 11 2.747352049 
196 14 5.754650563 
198 5 2.661261252 
198 9 2.916211166 
64 1 16.868693346 
88 0 31.82832211 
20 2 15.901576749 
56 2 20.588738729 
0 8 11.967721183 
20 6 19.633183569 
20 7 27.96572392 
88 8 14.040950531 
0 14 14.809161516 
20 12 21.26528295 
0 17 26.32778339 
60 6 11.402623311 
20 15 6.230466929 
20 17 23.48542575 
40 14 6.773944422 
20 19 24.39431433 
40 17 18.292566296 
80 13 27.978243367 
100 11 10.716189584 
84 11 30.52162715 
100 13 16.348513839 
80 19 18.72015203 
9 0 32.75277938 
66 3 7.838842194 
52 6 22.544188303 
9 8 14.965407801 
29 6 12.987684734 
66 12 23.84872401 
29 9 23.048781003 
29 10 27.84002526 
29 11 16.783507641 
49 9 18.467282847 
49 11 9.300279015 
49 13 14.93260327 
29 19 19.489388721 
48 0 19.880377525 
89 11 17.367952878 
77 1 29.85496508 
48 8 2.093005946 
89 17 15.546873475 
77 7 32.4383565 
89 19 20.073833958 
77 9 20.017682173 
18 2 14.628227312 
18 8 4.876043121 
58 1 24.590437169 
58 3 22.361139975 
18 12 19.991933513 
38 9 28.537962503 
18 14 7.717483454 
78 4 38.95959029 
18 17 19.236105328 
98 4 39.17155573 
58 13 15.184262098 
78 10 33.08769251 
38 19 34.14457924 
98 10 21.593893336 
98 13 14.468599039 
78 19 33.90306499 
60 10 13.311289011 
7 6 10.191616434 
7 10 12.100282134 
38 10 33.32920676 
67 1 30.42548068 
45 6 9.813037264 
47 11 25.26583542 
27 17 18.936838187 
67 10 20.714847012 
87 7 29.38766753 
67 12 19.118990582 
67 17 21.339133382 
67 19 22.248021962 
97 5 20.771217222 
97 6 23.780917952 
64 13 22.880594436 
38 4 39.20110454 
16 2 13.7350968 
16 3 24.708494195 
56 0 29.17309683 
16 10 20.165962626 
16 12 19.098803001 
34 15 1.472990113 
16 15 4.85438029 
16 17 21.318945801 
56 10 21.391411369 
16 19 22.227834381 
36 18 14.528644269 
84 1 16.381771195 
56 17 28.17258773 
56 19 29.08147631 
26 9 13.831871655 
31 3 9.406146023 
5 1 12.802979164 
5 2 14.297275862 
25 0 31.41387229 
5 7 26.361423033 
45 1 13.917675861 
5 12 19.660982063 
25 10 21.586417513 
5 17 21.881124863 
45 10 11.721702964 
5 19 22.790013443 
65 11 16.587755164 
81 0 23.994311869 
45 18 21.026374969 
85 11 27.49457223 
85 13 33.98064601 
65 19 19.625562399 
85 19 24.722554673 
14 2 34.38759951 
40 8 3.932504089 
20 10 21.541849269 
86 3 7.240557144 
14 13 32.09146857 
34 10 16.784572449 
14 17 22.252925613 
54 13 9.205809484 
94 6 13.454994727 
79 3 9.524204205 
54 19 17.661514292 
79 6 7.83469065 
94 16 6.554908388 
94 17 23.68242679 
78 9 28.296448253 
87 5 16.011613506 
25 15 6.274835177 
90 6 19.857779052 
3 14 16.293629509 
3 16 4.809840447 
23 13 34.4377093 
3 19 13.926880242 
43 14 16.104018706 
43 17 18.95323126 
47 13 25.805987551 
24 6 10.255200106 
63 19 22.183218811 
24 11 13.304176167 
99 6 4.105962468 
58 5 13.797774565 
46 9 13.851549673 
100 9 19.883193416 
32 1 23.61247081 
86 1 24.98935566 
12 14 24.89697309 
58 11 9.551937843 
12 16 13.413184028 
32 13 29.6243719 
92 6 11.669326716 
52 16 15.644101964 
92 10 13.577992416 
72 18 12.684638513 
71 3 25.382545815 
63 11 19.477337731 
1 5 6.784441 
1 7 20.160495024 
41 1 29.16063388 
21 6 10.505032159 
21 8 10.72441234 
1 13 10.921444895 
1 14 22.777495213 
21 14 13.565852673 
21 16 3.60494582 
75 1 23.112227362 
81 9 9.265287748 
81 10 14.056532005 
75 5 12.319564758 
75 7 25.695618782 
81 19 14.871904485 
61 6 14.371845968 
57 1 18.717173953 
57 3 22.571216515 
10 2 23.673737149 
57 5 7.924511349 
30 1 15.636278898 
10 7 35.73788432 
30 5 4.843616294 
30 7 18.219670318 
10 12 29.03744335 
55 8 9.440302364 
10 17 31.25758615 
70 6 3.191442127 
90 4 31.23801428 
87 6 19.563660476 
55 14 19.955545055 
90 9 20.574872243 
90 10 25.3661165 
87 13 20.148617401 
70 17 15.842980393 
70 18 13.875837089 
28 4 31.47879146 
68 2 14.622417101 
28 13 16.920300853 
93 19 21.037185773 
39 1 16.527681705 
39 5 5.735019101 
59 2 23.371489077 
39 7 19.111073125 
79 0 24.685489964 
59 5 20.530040887 
59 6 23.539741617 
59 7 34.48064041 
39 13 9.872022996 
59 13 25.241590281 
79 11 22.866295874 
59 17 29.47369071 
99 11 19.137567692 
79 17 29.86834456 
44 2 19.480864769 
44 3 21.976701555 
44 10 26.4404274 
68 7 26.686564272 
56 6 12.322297516 
44 17 14.116503986 
8 3 21.479869515 
28 1 23.575959562 
28 3 11.680001597 
28 5 12.783296958 
28 9 20.815649423 
8 14 14.765573486 
8 16 3.281784424 
68 10 21.581979732 
68 12 19.986123302 
48 18 13.344473959 
48 19 20.633257813 
68 17 22.206266102 
68 19 23.115154682 
43 8 13.262578373 
54 9 12.740489061 
54 11 3.573485229 
41 13 35.17253497 
37 0 37.53735688 
17 6 3.268182497 
17 7 16.084491601 
37 4 26.060148035 
17 11 18.299787721 
37 8 19.749985301 
37 10 20.188250255 
77 4 30.68082421 
77 5 19.062302476 
97 2 23.612665412 
57 13 12.061515244 
77 10 24.80892643 
37 19 21.003622735 
77 13 23.199306371 
77 19 25.62429891 
94 3 12.489486516 
6 1 16.743326788 
6 4 32.98068998 
6 5 5.950664184 
6 7 19.326718208 
94 11 17.189357188 
6 9 22.317547943 
46 4 24.51469171 
6 13 10.087668079 
66 2 18.485017809 
26 11 4.664867823 
26 13 10.297192078 
46 10 18.64279393 
46 16 6.317713376 
46 19 19.45816641 
66 16 7.570014818 
66 17 20.618925625 
65 6 1.55614994 
65 7 14.372459044 
69 6 17.98177053 
15 2 23.558592869 
15 6 21.633126213 
55 0 27.227673943 
15 10 30.5181555 
15 12 28.92229907 
15 16 14.733039874 
15 17 31.14244187 
15 19 32.05133045 
35 18 7.580702743 
55 16 8.471755993 
75 13 16.456568653 
99 0 20.956761782 
95 18 5.389088851 
37 9 15.397005998 
99 7 16.922271572 
29 4 33.71192304 
70 10 5.100107827 
25 3 25.072316195 
25 6 14.563072976 
51 10 19.771865467 
24 1 22.16557953 
25 13 14.461123216 
24 5 11.372916926 
4 10 27.82439184 
24 7 23.07150921 
4 13 20.699097543 
4 15 12.512809504 
4 16 16.618794128 
24 13 15.509920821 
4 18 17.470629659 
44 12 24.84457097 
24 19 16.010057247 
44 19 27.97360235 
86 13 18.333696951 
84 13 22.393672285 
30 13 8.980620189 
84 19 33.22750823 
98 9 28.508413693 
98 15 6.282311 
13 3 24.653194875 
33 3 22.453329705 
51 13 10.132874079 
13 18 8.227359788 
93 5 10.303351618 
81 4 19.928429785 
93 7 23.679405642 
53 17 23.55540065 
81 8 6.20694029 
93 11 10.508649174 
93 13 14.440355513 
93 17 19.289137679 
22 5 29.53434158 
34 13 9.659278152 
51 1 16.788532788 
22 2 32.37578977 
51 4 25.643763247 
2 9 15.535566239 
22 6 32.54404231 
2 11 6.368562407 
2 13 12.000886662 
35 6 11.772224748 
22 13 32.03495227 
42 10 23.261883899 
86 5 14.196693056 
22 19 22.776860933 
82 8 5.2706252 
42 18 4.001442201 
62 16 20.178810338 
82 14 8.112065533 
101 6 19.588415569 
82 17 19.630687407 
67 2 13.755284381 
67 7 25.819431552 
11 0 19.660152523 
91 6 21.73690401 
11 4 23.865910036 
11 6 2.809353209 
11 7 15.625662313 
11 9 13.202767999 
11 10 17.994012256 
31 8 20.454523823 
51 5 5.995870184 
51 7 19.371924208 
51 8 9.970392187 
31 14 22.391911232 
11 19 18.809384736 
31 16 10.90812217 
31 18 18.900805489 
31 19 21.505703563 
59 1 31.89724899 
51 17 16.243442155 
51 19 20.587237947 
62 14 31.6625994 
101 16 17.066016134 
101 18 19.202512509 
101 10 20.179931298 
101 4 26.051829078 
101 9 15.388687041 
101 19 20.995303778 
102 1 25.53979091 
102 5 14.747128306 
102 7 28.12318233 
102 13 18.884132201 
104 0 19.908651831 
104 8 2.121280252 
105 10 28.81698119 
105 14 23.35568525 
105 16 11.871896188 
105 1 25.52076141 
106 0 30.907347 
106 6 14.056547686 
106 7 26.87285679 
106 11 29.08815291 
107 11 29.25831728 
107 19 31.96419836 
107 6 17.585642408 
107 16 10.685556069 
109 3 22.353239235 
109 17 14.475497883 
109 1 17.700455594 
109 13 23.712356684 
110 3 12.246406213 
110 0 22.207198961 
110 6 5.356399647 
110 11 20.388004871 
110 17 22.007530037 
112 19 17.104828412 
112 2 10.179913792 
112 7 22.244060963 
112 12 15.543619993 
112 17 17.763762793 
112 9 23.9506378 
112 11 14.783633968 
113 16 19.932451314 
113 10 32.30298457 
113 13 25.177690273 
113 15 16.991402234 
113 0 37.9900694 
113 8 20.202697821 
114 18 10.730633127 
115 6 14.334764198 
115 16 7.434677859 
115 10 21.093960699 
116 4 34.8175215 
116 9 24.154379463 
116 10 28.94562372 
116 0 24.859393046 
116 8 7.072021467 
118 6 12.933274873 
118 16 6.033188534 
118 13 13.866781111 
118 15 5.680493072 
118 19 22.463871973 
119 9 20.076119908 
119 11 10.909116076 
119 13 16.541440331 
120 0 34.28009459 
120 6 17.429295276 
120 7 30.24560438 
120 11 32.4609005 
120 1 29.97002032 
120 5 19.177357716 
120 13 23.314361611 
121 19 26.184192443 
121 2 25.396114939 
121 7 37.46026211 
121 12 30.75982114 
121 17 32.97996394 
122 5 4.604796798 
122 1 15.397459402 
122 13 8.741800693 
122 0 20.423657954 
122 8 2.636286375 
123 0 38.07033089 
123 6 21.219531576 
123 7 34.03584068 
123 11 36.2511368 
123 4 23.036746811 
123 9 12.373604774 
123 10 17.164849031 
123 19 17.980221511 
124 11 15.333116383 
124 19 18.038997463 
124 6 17.590768686 
124 7 30.40707779 
126 1 15.700035169 
126 13 21.711936259 
126 0 28.532028993 
126 8 10.744657414 
127 11 11.88403049 
127 19 14.58991157 
127 2 19.470349784 
127 5 16.628901594 
127 10 28.26520331 
127 12 26.66934688 
128 4 29.577892028 
128 9 17.84995977 
128 10 23.705994248 
128 19 24.521366728 
128 11 8.682955938 
128 13 14.315280193 
130 6 19.566087937 
130 1 27.95713676 
130 5 17.164474156 
130 7 30.54052818 
130 13 21.301478051 
131 16 8.339224019 
131 4 29.72184914 
131 9 19.058707103 
131 10 23.84995136 
131 19 24.66532384 
132 2 34.39704665 
132 5 31.55559846 
132 6 34.56529919 
133 16 5.785284795 
133 10 6.991228384 
133 4 27.579869503 
133 0 24.172697377 
133 8 6.385325798 
134 19 9.249933775 
134 13 8.846789306 
134 1 15.502448015 
134 5 4.709785411 
134 7 18.085839435 
135 2 8.051558311 
135 14 14.973100508 
135 16 3.489311446 
135 7 20.115705482 
135 10 15.011120942 
135 12 13.415264512 
135 17 15.635407312 
135 19 16.544295892 
136 16 12.566930298 
136 10 14.903235507 
136 15 9.826340029 
136 2 7.943672876 
136 7 20.007820047 
136 12 13.307379077 
136 17 15.527521877 
136 19 16.436410457 
137 6 7.137845414 
137 10 9.046511114 
137 11 22.047526588 
138 6 10.210558291 
138 16 3.310471952 
138 11 20.500309328 
139 2 15.630977151 
139 5 6.616647274 
139 6 15.799229691 
139 3 19.593584915 
139 9 20.701065333 
139 1 17.409309878 
139 13 10.753651169 
139 8 16.241828741 
140 6 11.366389468 
140 16 4.466303129 
140 0 35.44258144 
141 6 16.632137806 
141 0 39.32203504 
141 8 21.534663461 
142 11 20.365480295 
142 19 23.071361375 
142 8 11.936554221 
143 6 14.624306486 
143 4 20.410093299 
143 9 9.746951262 
143 10 14.538195519 
143 19 15.353567999 
145 0 25.511531641 
145 6 8.660732327 
145 7 21.477041431 
145 11 23.692337551 
146 8 2.205100727 
146 14 5.04654106 
146 17 16.565162934 
147 11 11.590047645 
147 19 14.295928725 
147 2 22.183434694 
147 5 19.341986504 
147 3 14.512305721 
148 19 30.70019763 
148 18 22.030217699 
149 2 8.230516106 
149 7 20.294663277 
149 10 15.190078737 
149 17 15.814365107 
149 19 16.723253687 
150 10 20.491233689 
150 14 14.015425969 
150 16 5.886400735 
150 0 23.470292449 
150 7 19.435802239 
150 17 25.534047843 
151 14 13.854396835 
151 16 2.370607773 
152 14 19.814577284 
152 16 8.330788222 
152 19 25.420152533 
153 11 17.581720809 
153 6 2.550115585 
153 7 15.366424689 
154 3 19.934182035 
154 0 37.87858415 
154 6 21.027784836 
154 1 27.0677452 
154 5 16.275082596 
154 13 20.412086491 
155 6 10.323537188 
155 16 11.222618311 
155 10 12.232202888 
156 1 12.17084752 
156 13 14.04825325 
156 5 9.911249355 
156 7 23.287303379 
157 14 24.96150409 
157 16 13.477715028 
159 9 31.3534347 
159 11 22.186430868 
159 13 27.818755123 
160 6 26.06617088 
160 1 32.63527438 
160 5 21.842611776 
160 7 35.2186658 
160 13 25.979615671 
161 10 12.859265992 
161 0 21.329430176 
161 8 3.542058597 
162 6 21.88105123 
162 2 23.594043989 
162 7 35.65819116 
162 10 30.55360662 
162 17 31.17789299 
162 19 32.08678157 
164 6 6.744522064 
164 10 8.653187764 
165 6 15.844402485 
165 16 8.944316146 
167 8 4.739091419 
167 14 7.580531752 
167 17 19.099153626 
167 1 21.474635155 
168 8 16.032688633 
168 14 18.874128966 
168 17 30.39275084 
169 6 15.047209061 
169 10 18.438915982 
169 4 24.310813762 
169 9 13.647671725 
169 19 19.254288462 
170 9 22.93656452 
170 11 13.769560688 
170 13 19.401884943 
171 6 3.154540332 
171 3 7.60222526 
171 0 20.005339646 
171 11 18.186145556 
172 18 4.987173756 
172 3 15.432711352 
172 19 18.259379684 
172 4 25.816189342 
172 9 15.153047305 
173 11 22.73169922 
173 19 25.4375803 
173 2 19.853101091 
173 5 17.011652901 
173 3 14.432497757 
173 1 13.680998349 
173 13 19.692899439 
174 14 13.786651778 
174 16 2.302862716 
175 10 18.350603935 
175 13 11.225309638 
175 15 3.039021599 
175 4 33.78309746 
175 9 23.119955423 
176 3 25.228842685 
176 4 31.39576894 
176 9 20.732626903 
176 10 25.52387116 
177 6 10.455017615 
177 10 12.363683315 
177 4 20.456184761 
177 9 9.793042724 
177 19 15.399659461 
177 0 30.56955613 
177 8 12.782184551 
178 11 12.990457292 
178 19 15.696338372 
179 0 36.03381921 
179 6 19.183019896 
179 7 27.55687342 
179 1 24.973482 
179 5 14.180819396 
179 13 18.317823291 
180 16 21.508673454 
180 18 19.053585389 
182 13 26.790727572 
182 19 28.469204393 
182 1 20.778826482 
184 1 17.986376578 
184 5 7.193713974 
184 7 20.569767998 
184 13 11.330717869 
185 0 36.02130527 
185 6 19.170505956 
185 7 31.98681506 
185 11 34.20211118 
186 17 17.354497234 
187 11 18.92711977 
187 19 21.63300085 
187 14 15.849294194 
187 16 4.365505132 
188 13 22.716626504 
188 19 24.469815683 
188 1 16.704725414 
189 5 12.180430766 
189 17 23.26108428 
189 1 22.97309337 
189 7 25.55648479 
189 13 16.317434661 
190 18 3.510687122 
191 6 4.613473798 
191 10 6.522139498 
192 16 12.147005646 
192 10 16.759466646 
192 15 3.161878372 
192 2 9.799904015 
192 7 21.864051186 
192 12 15.163610216 
192 17 17.383753016 
192 19 18.292641596 
193 18 10.580614737 
193 8 7.169644928 
193 14 10.011085261 
193 17 21.529707135 
194 14 25.67645142 
194 16 14.192662358 
194 0 33.68077961 
194 7 29.6462894 
194 11 31.86158552 
195 14 13.918702422 
195 16 2.43491336 
196 8 4.054842332 
196 17 18.414904539 
196 4 25.471629983 
196 9 14.808487946 
196 10 19.599732203 
196 19 20.415104683 
198 10 18.656481192 
198 13 11.531186895 
198 15 3.344898856 
198 17 16.115299396 
0 4 34.526140936 
0 6 13.469584109 
0 7 26.285893213 
0 9 23.862998899 
0 10 28.654243156 
40 4 26.490923842 
40 6 5.434367015 
40 7 18.250676119 
40 9 15.827781805 
40 10 20.619026062 
80 7 45.469740757 
40 19 21.434398542 
80 12 38.769299787 
80 17 40.989442587 
65 3 21.534156529 
29 8 18.090997924 
77 2 28.62665659 
29 16 14.767606232 
29 17 32.451060131 
69 14 31.24548109 
69 16 19.761692028 
97 13 29.641142865 
109 12 34.503413104 
97 16 25.56083945 
18 0 23.228705361 
18 4 27.434462874 
18 6 6.377906047 
18 7 19.194215151 
18 10 21.562565094 
58 8 10.859428126 
98 1 18.40165256 
18 19 22.377937574 
58 12 25.975318518 
58 14 13.700868459 
58 15 14.481412169 
58 17 25.219490333 
98 12 25.259655459 
98 17 27.479798259 
98 19 28.388686839 
47 2 31.23333777 
7 14 23.455326994 
7 16 11.971537932 
87 3 36.549365015 
7 19 21.088577727 
47 12 36.597043971 
47 14 29.414766036 
47 17 38.817186771 
87 10 32.006833446 
87 14 32.827371036 
87 15 16.69525111 
87 17 33.159816621 
87 19 34.068705201 
36 9 27.264200939 
36 11 18.097197107 
36 13 23.729521362 
88 7 28.359122561 
88 11 30.574418681 
84 2 27.821022504 
84 10 34.780585135 
110 16 7.136321145 
25 1 18.394176737 
25 2 19.888473435 
25 12 25.252179636 
25 14 27.826783536 
25 16 16.342994474 
25 17 27.472322436 
25 19 28.381211016 
65 14 14.8198605 
65 16 3.336071438 
105 13 20.179642769 
70 11 17.444389927 
14 0 41.806616763 
14 8 24.019245184 
14 12 42.88252499 
14 18 37.187609079 
54 12 19.996865904 
94 5 10.725651074 
54 14 7.722415845 
94 8 18.496847471 
54 17 19.241037719 
94 10 17.428071165 
94 13 14.862654969 
94 14 21.338287804 
3 1 19.773245737 
3 4 36.010608929 
3 5 8.980583133 
3 7 22.356637157 
43 0 31.615240613 
3 9 25.347466892 
109 0 34.029189033 
3 13 13.117587028 
43 6 14.764441299 
43 7 27.580750403 
43 10 29.949100346 
106 3 34.034554275 
43 19 30.764472826 
32 2 35.051722119 
32 6 33.126255463 
54 2 14.633159703 
32 10 42.01128475 
32 12 40.41542832 
54 8 4.880975512 
32 16 26.226169124 
32 17 42.63557112 
72 13 21.885515606 
115 7 24.981474569 
112 8 16.091124251 
102 2 24.31148242 
102 3 35.284879815 
62 4 51.37957882 
62 5 24.349553024 
62 7 37.725607048 
62 9 40.716436783 
21 0 29.07707458 
21 4 33.282832093 
21 5 7.775688506 
21 7 21.15174253 
21 9 22.619690056 
109 8 16.241817454 
21 13 11.912692401 
77 3 39.600053985 
61 14 27.635556528 
101 7 34.612812844 
61 16 16.151767466 
101 11 22.771065347 
101 13 25.373762715 
101 17 28.587775271 
10 3 42.899581805 
10 18 26.473746718 
90 16 21.63770055 
90 17 33.773960473 
64 2 28.307944655 
105 4 43.07266467 
93 3 30.841103127 
64 6 26.382477999 
105 9 32.409522633 
109 2 29.139706903 
39 2 15.299373215 
39 3 26.27277061 
39 10 21.730239041 
39 12 20.663079416 
39 15 6.418656705 
39 17 22.883222216 
79 10 14.462788854 
79 16 9.614612148 
28 2 22.347651072 
28 6 14.709920546 
28 10 16.618586246 
68 3 33.848261757 
28 12 27.711357273 
28 15 13.466934562 
28 17 29.931500073 
68 18 17.42242667 
49 2 20.359953489 
17 3 23.246189086 
17 14 16.531893057 
17 16 5.048103995 
57 10 23.919731289 
57 12 22.852571664 
57 15 8.608148953 
57 17 25.072714464 
97 10 36.766437162 
57 19 25.981603044 
97 15 21.454854826 
43 4 35.820998126 
97 18 26.412674981 
112 14 18.932564584 
6 2 15.515018298 
6 3 26.488415693 
46 1 21.281118666 
12 9 33.950810473 
46 5 10.488456062 
46 7 23.864510086 
12 13 21.720930609 
6 17 23.098867299 
6 19 24.007755879 
46 13 14.625459957 
86 6 10.270476093 
46 17 27.050637903 
86 10 12.179141793 
86 12 29.124753371 
86 15 14.88033066 
86 17 31.344896171 
55 5 12.642498679 
109 10 27.291823884 
55 11 25.973770514 
35 9 20.316259413 
75 2 21.883918872 
35 11 11.149255581 
35 13 16.781579836 
35 16 13.552146246 
75 10 28.314784698 
75 12 27.247625073 
47 8 26.573325703 
75 17 29.467767873 
75 19 30.376656453 
115 13 15.74242444 
115 14 27.598474758 
24 2 20.93727104 
24 3 30.233206695 
24 10 27.368136866 
24 12 26.300977241 
24 14 17.453106783 
24 15 12.05655453 
24 17 28.521120041 
64 10 35.267507286 
64 12 33.671650856 
104 6 3.623143178 
104 7 16.439452282 
64 16 19.48239166 
64 17 35.891793656 
64 19 36.800682236 
53 0 43.1090918 
13 9 20.962916458 
13 11 11.795912626 
53 8 25.321720221 
93 2 19.867705732 
93 8 11.816139457 
93 14 14.65757979 
93 15 10.986989222 
95 11 8.957641689 
41 2 40.599885189 
58 2 20.611612317 
70 8 17.609299964 
2 12 22.791943082 
58 10 27.299724624 
42 9 16.736998871 
42 11 7.569995039 
42 13 13.202319294 
82 9 17.165902916 
82 10 21.957147173 
2 8 7.67605269 
2 14 10.517493023 
82 6 6.772488126 
2 17 22.036114897 
82 0 23.62328744 
100 2 21.775864058 
82 19 22.772519653 
57 2 17.488865463 
82 7 19.58879723 
57 6 25.601135464 
31 0 38.807186063 
31 1 25.87152746 
31 4 42.108890652 
31 5 15.078864856 
31 9 31.445748615 
31 13 19.215868751 
71 6 28.412464764 
71 10 30.321130464 
20 1 18.349808489 
20 18 18.701586318 
60 14 24.666333871 
60 16 13.182544809 
60 19 22.299584604 
100 12 27.139570259 
100 14 14.8651202 
100 17 26.383742074 
6 10 21.945884124 
6 12 20.878724499 
6 15 6.634301788 
9 6 16.467270727 
9 7 29.283579831 
9 11 31.498875951 
49 8 10.607769298 
49 12 25.72365969 
49 14 13.449209631 
89 8 17.313193046 
49 17 24.967831505 
89 14 21.516883494 
38 2 53.87172463 
78 2 53.63021038 
38 13 51.57559369 
38 17 41.737050733 
78 13 51.33407944 
78 17 41.495536483 
27 0 38.490529337 
27 8 20.703157758 
87 2 25.57596762 
67 3 32.981129037 
104 11 18.654748402 
67 18 16.55529395 
107 13 18.99330265 
107 14 30.849352968 
72 9 25.420195183 
72 11 16.253191351 
112 3 29.405758448 
16 18 16.535106369 
56 14 25.586008076 
56 16 14.102219014 
56 18 23.388748298 
5 3 33.523120518 
5 6 22.316763817 
5 16 15.416677478 
45 11 24.594927807 
45 14 23.076747824 
45 16 11.592958762 
45 19 20.709998557 
85 14 31.643502846 
85 17 43.16212472 
34 1 13.592331673 
34 2 15.086628371 
34 7 27.150775542 
34 12 20.450334572 
34 17 22.670477372 
34 19 23.579365952 
115 5 11.605420545 
75 3 32.857316267 
114 9 23.466189797 
114 11 14.299185965 
114 13 19.93151022 
75 15 13.003202362 
105 7 29.418692898 
23 2 39.865059519 
11 16 4.589274707 
23 7 51.92920669 
23 12 45.22876572 
63 8 20.784828014 
23 17 47.44890852 
63 14 23.626268347 
63 17 35.144890221 
40 0 22.285166329 
12 1 28.376589318 
12 4 44.61395251 
12 5 17.583926714 
12 7 30.959980738 
98 2 19.895949258 
52 5 19.81484465 
52 7 33.190898674 
98 7 31.960096429 
52 13 23.951848545 
52 14 35.807898863 
92 14 24.933037276 
92 16 13.449248214 
92 19 22.566288009 
101 5 21.23675882 
1 2 16.348795114 
1 3 27.322192509 
1 4 42.494474633 
1 9 31.831332596 
1 10 22.77966094 
1 12 21.712501315 
41 6 38.674418533 
1 15 7.468078604 
1 17 23.932644115 
41 10 47.55944782 
1 19 24.841532695 
41 12 45.96359139 
81 6 7.708803216 
81 7 20.52511232 
41 16 31.774332194 
41 17 48.18373419 
41 19 49.09262277 
30 2 14.407970408 
30 3 25.381367803 
70 0 35.396671543 
30 10 20.838836234 
30 15 5.527253898 
30 17 21.991819409 
5 18 17.097285431 
30 19 22.900707989 
70 14 16.455152687 
70 16 4.971363625 
110 10 17.184990862 
70 19 14.08840342 
110 14 18.620110207 
107 5 14.856298755 
107 7 28.232352779 
107 8 30.565807563 
86 2 23.76104717 
85 2 39.407996229 
85 8 28.802062513 
59 0 49.02738186 
59 3 41.642337895 
59 10 36.525260827 
99 3 24.083969057 
59 12 36.032646701 
59 15 21.213678491 
59 18 26.171498646 
59 19 39.161678081 
99 14 17.369673028 
99 16 5.885883966 
66 6 10.868761143 
66 8 22.385245196 
8 1 18.245189714 
8 4 34.482552906 
8 5 7.45252711 
8 9 23.819410869 
8 13 11.589531005 
48 6 3.594868872 
48 7 16.411177976 
48 11 16.913026797 
88 6 15.542813457 
66 0 40.172616775 
66 5 11.740757504 
37 6 21.251848227 
37 7 34.068157331 
37 11 36.283453451 
100 8 12.023679867 
77 12 33.990362791 
77 15 19.74594008 
77 17 33.216770403 
26 2 15.724542297 
26 8 5.972358106 
26 12 21.088248498 
26 14 8.813798439 
26 17 20.332420313 
66 10 12.777426843 
66 18 21.285027378 
106 14 27.320258246 
106 16 15.836469184 
81 11 22.74040844 
15 5 18.90378256 
15 7 32.279836584 
55 1 23.435161283 
55 4 39.672524475 
55 7 23.758474394 
55 9 29.009382438 
15 18 26.358602438 
55 13 16.779502574 
95 9 18.124645521 
95 13 14.589965944 
4 1 24.632151064 
4 7 34.165590838 
44 0 33.670195136 
4 9 30.206186329 
4 11 21.039182497 
4 12 31.490153963 
44 8 15.882823557 
4 17 33.710296763 
4 19 34.619185343 
84 6 25.895555848 
84 8 31.829117433 
44 18 22.280874338 
84 12 33.184728705 
84 14 34.670557766 
84 16 18.995469509 
84 17 35.404871505 
33 6 25.483248654 
33 10 27.391914354 
113 2 30.605040492 
113 6 21.704560747 
113 7 34.520869851 
113 11 36.736165971 
113 12 35.968746693 
113 19 39.097778073 
80 2 33.405593586 
22 7 49.52644966 
62 1 35.142215628 
22 12 42.82600869 
22 15 30.217979184 
22 16 34.323963808 
22 17 45.04615149 
22 18 35.175799339 
62 13 28.486556919 
102 10 30.742348246 
102 12 29.675188621 
102 15 15.43076591 
102 17 31.895331421 
102 19 32.804220001 
11 3 22.787359798 
51 0 28.323054427 
51 2 15.560224298 
51 3 26.533621693 
51 6 11.472255113 
51 12 20.923930499 
51 15 6.679507788 
91 14 35.00061457 
91 16 23.516825508 
116 11 23.605489617 
116 6 8.573884393 
116 7 21.390193497 
118 14 26.196985433 
118 2 19.29413133 
118 7 23.579985244 
118 12 24.657837531 
118 17 26.877980331 
119 14 15.058046692 
119 17 26.576668566 
119 8 12.216606359 
119 2 21.96879055 
120 19 37.234449411 
120 10 35.172577656 
120 15 19.86099532 
120 14 30.693005836 
120 3 37.407301865 
120 17 36.325560831 
120 2 28.74171183 
120 12 34.105418031 
121 18 28.196124508 
121 3 44.621959595 
122 11 19.169754525 
122 19 22.661888493 
122 6 4.138149301 
122 10 20.600016738 
122 15 5.288434402 
122 7 16.954458405 
122 2 14.169150912 
122 12 19.532857113 
123 16 22.999453074 
123 3 41.197538165 
123 17 25.572693004 
124 14 19.482046999 
124 16 19.370690184 
124 3 37.568775275 
124 17 31.000668873 
126 11 27.278125564 
126 19 35.632024059 
126 6 12.24652034 
126 10 34.098849109 
126 7 25.062829444 
126 2 27.139286478 
126 12 32.502992679 
127 18 22.270359353 
127 15 17.312539198 
127 14 16.032961106 
127 8 13.191520773 
127 17 27.55158298 
128 2 19.742630412 
128 17 24.350508428 
128 8 9.990446221 
128 12 25.106336613 
130 10 33.159694096 
130 15 17.84811176 
130 14 32.829798497 
130 3 37.702225665 
130 2 26.72882827 
130 17 34.312677271 
130 19 35.221565851 
131 5 12.509966705 
131 13 16.6469706 
131 1 23.302629309 
131 7 25.886020729 
132 18 37.197056219 
132 10 47.5508184 
132 13 40.425524103 
132 15 32.239236064 
132 16 36.345220688 
133 11 22.918793948 
133 19 15.979523977 
133 5 9.956027481 
133 13 14.093031376 
133 7 20.703497828 
134 15 5.393423015 
134 3 25.24753692 
134 17 21.857988526 
134 2 14.274139525 
134 12 19.637845726 
135 18 10.85156788 
135 3 27.277402967 
135 1 18.452716736 
135 5 7.660054132 
136 18 10.743682445 
136 3 27.169517532 
137 14 20.401555974 
137 16 8.917766912 
137 19 18.034806707 
137 8 23.355016871 
138 14 23.474268851 
138 13 11.618218533 
138 8 21.807799611 
138 7 20.857268662 
138 5 7.481214638 
139 18 18.43098672 
139 10 22.611867214 
139 15 7.300284878 
139 12 21.544707589 
140 14 24.630100028 
140 7 22.013099839 
140 5 8.637045815 
140 13 12.77404971 
141 11 38.068131611 
141 14 29.895848366 
141 16 18.412059304 
141 7 35.852835491 
142 6 13.438417147 
142 7 26.254726251 
142 14 24.514410911 
143 16 16.404227984 
143 17 22.946039492 
145 14 21.924442887 
145 16 10.440653825 
145 3 28.638738916 
146 6 3.706963653 
146 10 18.8916227 
146 0 20.557762967 
146 7 16.523272757 
146 19 19.70699518 
146 4 24.76352048 
146 9 14.100378443 
147 18 24.983444263 
147 10 19.45089037 
147 15 20.025624108 
147 14 15.738978261 
147 8 12.897537928 
147 17 27.257600135 
148 9 34.765774369 
148 11 25.598770537 
148 13 31.231094792 
149 18 11.030525675 
149 3 27.456360762 
150 13 14.194147316 
150 4 33.732405389 
150 9 23.069263352 
150 1 20.849806025 
150 5 10.057143421 
151 4 33.571376255 
151 9 22.908234218 
151 1 17.334013063 
151 5 6.541350459 
151 7 19.917404483 
151 13 10.678354354 
152 7 25.877584932 
152 4 39.531556704 
152 9 28.868414667 
152 1 23.294193512 
152 5 12.501530908 
152 13 16.638534803 
153 14 15.813826145 
153 16 4.330037083 
153 3 22.528122174 
154 10 24.872766684 
154 15 16.9587202 
154 14 34.291495396 
154 17 33.423285711 
154 2 25.83943671 
154 12 31.203142911 
155 14 23.587247748 
155 13 19.530364892 
155 19 21.220498481 
155 5 15.393360997 
155 7 28.769415021 
156 6 21.684632173 
156 10 25.906469295 
156 3 30.449000864 
156 2 19.475603469 
156 12 24.83930967 
156 17 27.05945247 
157 4 44.67848351 
157 9 34.015341473 
157 1 28.441120318 
157 5 17.648457714 
157 7 31.024511738 
157 13 21.785461609 
159 17 37.853983358 
159 8 23.493921151 
159 14 26.335361484 
159 2 33.246105342 
159 12 38.609811543 
160 10 37.837831716 
160 15 22.52624938 
160 14 39.32988144 
160 3 42.380363285 
160 2 31.40696589 
160 17 38.990814891 
161 11 20.075526747 
161 19 21.847561585 
161 6 5.043921523 
161 7 17.860230627 
162 18 26.394053558 
162 16 23.660972728 
162 3 42.819888645 
164 14 20.008232624 
164 16 8.524443562 
164 19 17.641483357 
165 14 29.108113045 
165 5 13.115058832 
165 7 26.491112856 
165 13 17.252062727 
167 6 6.240954345 
167 0 23.091753659 
167 7 19.057263449 
167 10 21.425613392 
167 4 27.297511172 
167 9 16.634369135 
168 0 34.385350873 
168 6 17.534551559 
168 7 30.350860663 
168 4 38.591108386 
168 9 27.927966349 
168 10 32.719210606 
168 19 33.534583086 
169 16 16.827130559 
169 17 26.846759955 
170 17 29.437113178 
170 8 15.077050971 
170 14 17.918491304 
170 2 24.829235162 
170 12 30.192941363 
171 10 12.540809909 
171 14 16.418250892 
171 16 4.93446183 
172 11 8.555726594 
172 13 14.188050849 
173 6 17.462416706 
173 16 16.294696663 
173 18 22.65311066 
173 10 19.371082406 
173 14 26.880629836 
173 8 24.039189503 
173 17 32.704098659 
173 12 30.483955859 
174 4 33.503631198 
174 9 22.840489161 
174 1 17.266268006 
174 5 6.473605402 
174 7 19.849659426 
174 13 10.610609297 
175 2 16.652659857 
175 17 24.236508858 
175 19 25.145397438 
175 7 28.716807028 
175 12 22.016366058 
175 1 15.158363159 
176 6 28.258761634 
176 17 33.931715133 
177 11 29.315652701 
177 16 12.234939113 
177 7 27.100356581 
178 8 14.297947575 
178 14 17.139387908 
178 17 28.658009782 
179 19 32.237911091 
179 10 30.176039336 
179 15 14.864457 
179 14 32.446730456 
179 3 34.718570905 
179 17 31.329022511 
179 2 23.74517351 
179 12 29.108879711 
180 5 25.67941614 
180 13 28.254462482 
180 9 31.789142059 
180 11 22.622138227 
182 6 30.292611135 
182 16 23.392524796 
182 2 32.218077791 
182 12 37.581783992 
182 17 39.801926792 
184 10 23.188933914 
184 15 7.877351578 
184 3 27.731465483 
184 2 16.758068088 
184 12 22.121774289 
184 17 24.341917089 
184 19 25.250805669 
185 14 32.434216516 
185 16 20.950427454 
185 3 39.148512545 
186 0 36.908188384 
186 8 19.120816805 
187 8 20.234610053 
187 7 21.912301842 
187 4 35.566273614 
187 9 24.903131577 
187 1 19.328910422 
187 5 8.536247818 
187 13 12.673251713 
188 6 26.218510067 
188 16 19.318423728 
188 2 28.143976723 
188 17 35.727825724 
189 10 28.175650706 
189 15 12.86406837 
189 3 32.718182275 
189 2 21.74478488 
189 12 27.108491081 
189 19 30.237522461 
189 0 42.81477543 
189 8 25.027403851 
190 13 12.711564215 
190 9 16.246243792 
190 11 7.07923996 
191 14 17.877184358 
191 16 6.393395296 
191 19 15.510435091 
192 18 12.599913584 
192 3 29.025748671 
193 0 25.522307168 
193 6 8.671507854 
193 7 21.487816958 
193 4 29.728064681 
193 9 19.064922644 
193 10 23.856166901 
193 19 24.671539381 
194 3 36.807986885 
194 4 45.39343084 
194 9 34.730288803 
194 1 29.156067648 
194 5 18.363405044 
194 13 22.500408939 
195 7 19.98171007 
195 4 33.635681842 
195 9 22.972539805 
195 1 17.39831865 
195 5 6.605656046 
195 13 10.742659941 
196 6 5.556705258 
196 0 22.407504572 
196 7 18.373014362 
198 19 25.451274695 
198 2 16.958537114 
198 7 29.022684285 
198 12 22.322243315 
198 1 15.464240416 
198 0 35.668990546 
198 8 17.881618967 
171 13 13.242208411 
171 19 21.529105502 
40 3 25.412373604 
40 16 7.214288513 
120 4 50.409985256 
120 9 39.746843219 
120 18 31.541721399 
69 1 34.725097318 
69 4 50.96246051 
69 5 23.932434714 
69 7 37.308488738 
69 9 40.299318473 
69 13 28.069438609 
149 9 23.766082345 
149 11 14.599078513 
18 3 26.355912636 
137 0 41.707679111 
18 16 8.157827545 
98 6 27.915437213 
98 16 21.015350874 
98 18 22.695958827 
178 4 36.856367328 
178 6 15.799810501 
178 7 28.616119605 
178 9 26.193225291 
178 10 30.984469548 
47 4 49.131745456 
47 6 28.075188629 
47 7 40.891497733 
47 9 38.468603419 
127 1 29.431880758 
47 18 34.033347339 
127 6 14.693383699 
127 7 27.509692803 
127 9 25.086798489 
128 0 28.343108461 
165 2 22.679412946 
168 3 37.512558148 
122 3 24.11615589 
156 18 22.275613038 
25 4 47.543762956 
25 18 22.688483004 
105 12 30.970699189 
105 17 33.190841989 
105 19 34.099730569 
185 4 52.151195936 
185 5 25.12117014 
185 9 41.488053899 
185 13 29.258174035 
54 0 23.233637752 
54 4 27.439395265 
54 6 6.382838438 
54 7 19.199147542 
134 18 17.074149094 
3 2 18.544937247 
3 12 23.908643448 
3 15 9.664220737 
3 17 26.128786248 
132 19 54.345611903 
174 3 27.011356911 
32 5 30.39691181 
32 7 43.772965834 
32 18 37.851731688 
112 4 38.649544004 
112 6 17.592987177 
61 1 31.115172756 
61 4 47.352535948 
61 5 20.322510152 
61 7 33.698564176 
61 9 36.689393911 
61 13 24.459514047 
141 1 33.375464594 
141 4 49.612827786 
141 5 22.58280199 
141 9 38.949685749 
141 13 26.719805885 
10 9 39.209303388 
10 11 30.042299556 
90 1 36.60110584 
90 5 25.808443236 
90 7 39.18449726 
90 8 35.540280044 
90 13 29.945447131 
155 2 24.957715111 
170 4 37.635470724 
170 6 16.578913897 
170 7 29.395223001 
170 10 31.763572944 
8 17 24.600730225 
119 0 30.569268599 
39 18 18.099382784 
119 4 34.775026112 
119 6 13.718469285 
119 7 26.534778389 
119 10 28.903128332 
119 19 29.718500812 
68 9 30.15798334 
68 11 20.990979508 
148 8 26.90626082 
148 12 42.022151212 
148 14 29.747701153 
148 17 41.266323027 
17 1 20.011509285 
17 4 36.248872477 
17 5 9.218846681 
17 9 25.58573044 
17 13 13.355850576 
97 1 33.574196386 
97 7 43.10763616 
97 9 39.148231651 
97 11 29.981227819 
97 12 40.432199285 
97 17 42.652342085 
97 19 43.561230665 
177 5 16.405681799 
177 13 20.542685694 
46 2 20.052810176 
46 3 31.026207571 
46 12 25.416516377 
46 15 11.172093666 
126 14 25.5102309 
126 16 14.026441838 
126 18 29.939296047 
138 0 40.160461851 
138 2 17.045568752 
75 18 24.683928441 
155 4 43.304227168 
155 9 32.641085131 
155 15 16.076998601 
155 17 32.541564112 
24 4 37.170086203 
24 9 26.506944166 
24 18 23.737280609 
104 14 16.886853738 
104 16 5.403064676 
184 18 19.558077657 
53 6 26.823583147 
53 7 39.639892251 
53 11 41.855188371 
112 0 34.443786491 
133 2 19.520381595 
133 12 24.884087796 
133 15 10.639665085 
140 3 29.174797324 
2 0 26.02871493 
2 4 30.234472443 
2 6 9.177915616 
2 7 21.99422472 
2 10 24.362574663 
2 19 25.177947143 
82 16 8.552409624 
162 5 27.831715414 
162 11 29.962606396 
31 12 30.006925171 
31 15 15.76250246 
31 17 32.227067971 
60 4 44.383313291 
60 5 17.353287495 
60 7 30.729341519 
60 9 33.720171254 
60 13 21.49029139 
140 2 18.201399929 
140 4 44.347079448 
140 9 33.683937411 
140 10 24.632265755 
140 12 23.56510613 
140 15 9.320683419 
140 17 25.78524893 
140 19 26.69413751 
9 3 36.445277316 
9 14 29.730981287 
9 16 18.247192225 
89 4 41.233862914 
89 6 18.815055972 
89 7 31.631365076 
89 10 35.361965134 
169 0 46.400451105 
8 19 25.509618805 
169 5 20.997873245 
169 7 34.373927269 
169 8 28.613079526 
169 13 25.13487714 
38 0 61.290741883 
38 8 43.503370304 
151 3 27.079101968 
38 12 62.36665011 
38 18 56.671734199 
118 4 45.913964853 
118 18 22.094140899 
67 9 29.29085062 
67 11 20.123846788 
147 6 14.399400854 
147 9 24.792815644 
16 9 29.270663039 
16 11 20.103659207 
176 0 53.485406283 
104 3 23.601149767 
176 8 35.698034704 
176 16 30.038683132 
45 4 42.793727244 
45 5 15.763701448 
45 7 29.139755472 
45 8 25.90241809 
45 9 32.130585207 
45 13 19.900705343 
107 3 35.394050264 
98 3 39.121793914 
154 4 54.008474816 
154 18 28.639446279 
23 3 59.090904175 
23 18 42.665069088 
151 15 7.224988063 
52 2 29.379198764 
52 3 40.352596159 
52 4 55.524878283 
52 9 44.861736246 
52 10 35.81006459 
52 12 34.742904965 
52 15 20.498482254 
52 17 36.963047765 
52 19 37.871936345 
132 7 53.892017398 
132 9 49.932612889 
132 11 40.765609057 
132 12 51.216580523 
138 3 28.018966147 
132 17 53.436723323 
115 12 26.53348086 
1 18 19.148804683 
81 16 9.488724714 
80 3 52.631438242 
161 14 18.307632083 
161 16 6.823843021 
177 1 27.198344403 
110 1 22.099726435 
30 18 17.207979977 
110 4 38.337089627 
110 5 11.307063831 
110 13 15.444067726 
110 19 26.173286455 
59 11 29.740051484 
139 11 21.999539558 
8 2 17.016881224 
187 2 18.100601932 
8 10 23.44774705 
8 12 22.380587425 
8 15 8.136164714 
88 3 35.520820046 
88 14 28.806524017 
88 16 17.322734955 
168 16 19.314473057 
37 3 41.229854816 
37 16 23.031769725 
66 11 24.853580216 
66 14 24.132471703 
66 15 12.424395108 
66 19 21.765722436 
146 16 5.486885151 
15 3 39.441534069 
15 9 39.094159108 
15 11 29.927155276 
95 8 10.265131972 
95 12 25.381022364 
95 14 13.106572305 
175 6 24.672147812 
175 16 17.772061473 
175 18 19.452669426 
44 6 17.384686483 
44 11 25.849427176 
124 1 34.334095474 
124 4 39.199026419 
124 5 23.54143287 
124 9 28.535884382 
124 10 33.327128639 
124 13 27.678436765 
159 10 40.180443124 
153 1 19.293442373 
153 4 35.530805565 
153 5 8.500779769 
153 9 24.867663528 
153 13 12.637783664 
22 1 42.337320744 
22 3 56.688147145 
22 9 47.911356009 
22 11 38.744352177 
102 18 27.111491989 
182 5 27.563267482 
182 7 40.939321506 
182 18 35.01808736 
51 18 18.360233867 
131 12 27.43802702 
81 3 27.686809805 
131 17 29.65816982 
0 3 33.447590698 
0 16 15.249505607 
165 3 33.652810341 
80 18 36.205603155 
131 2 22.074320819 
131 3 33.047718214 
123 1 37.962858364 
160 18 34.206975459 
131 15 13.193604309 
29 1 29.731011522 
29 5 18.938348918 
29 7 32.314402942 
29 13 23.075352813 
109 6 17.74368038 
109 11 32.775285604 
109 18 31.939716472 
109 19 36.280119477 
189 6 26.529266777 
189 18 24.544794449 
58 0 29.212090366 
58 4 33.417847879 
58 6 12.361291052 
58 19 28.361322579 
138 4 43.191248271 
138 10 23.476434578 
138 12 22.409274953 
138 15 8.164852242 
138 17 24.629417753 
138 19 25.538306333 
7 1 26.934943222 
7 4 43.172306414 
7 5 16.142280618 
7 9 32.509164377 
7 13 20.279284513 
87 4 52.544350456 
87 18 28.375977189 
167 16 8.020875843 
90 0 53.327651623 
36 8 19.40468739 
36 12 34.520577782 
36 14 22.246127723 
159 7 37.812093181 
36 17 33.764749597 
116 16 10.353805891 
65 1 18.299476728 
65 4 34.53683992 
65 5 7.506814124 
65 9 23.873697883 
65 13 11.643818019 
145 1 25.404059115 
145 4 41.641422307 
145 5 14.611396511 
145 9 30.97828027 
145 13 18.748400406 
113 3 41.682567336 
14 6 25.52110811 
14 7 38.337417214 
14 11 40.552713334 
94 0 36.849509711 
94 2 20.290005188 
94 12 25.653711389 
94 15 11.409288678 
174 2 16.037959516 
174 10 22.468825342 
174 12 21.401665717 
174 15 7.157243006 
174 17 23.621808517 
174 19 24.530697097 
43 3 34.742447888 
43 16 16.544362797 
123 5 27.17019576 
123 13 31.307199655 
187 3 29.073999327 
175 3 35.878504513 
126 3 32.224526929 
146 3 23.684970242 
72 8 17.560681634 
72 12 32.676572026 
72 14 20.402121967 
72 17 31.920743841 
152 2 22.065885022 
152 12 27.429591223 
152 15 13.185168512 
152 17 29.649734023 
21 2 17.34004262 
21 3 28.313440015 
21 10 23.770908446 
21 12 22.703748821 
21 15 8.45932611 
21 17 24.923891621 
21 19 25.832780201 
101 8 24.07855563 
101 12 36.164819135 
101 15 21.920396424 
152 3 33.039282417 
130 4 52.546777917 
130 9 41.88363588 
130 18 29.528837839 
141 3 43.014532976 
79 1 24.578017438 
79 5 13.785354834 
79 13 17.922358729 
159 0 41.846583391 
79 19 23.451084447 
159 4 46.052340904 
159 6 24.995784077 
105 2 25.606992988 
105 3 36.580390383 
159 19 40.995815604 
169 1 31.790535849 
28 18 25.147660641 
28 19 25.606881839 
188 5 23.489166414 
188 7 36.865220438 
162 9 39.129610228 
162 1 38.624378018 
188 18 30.943986292 
137 1 23.881172202 
57 18 20.288875032 
137 4 40.118535394 
137 5 13.088509598 
137 7 26.464563622 
137 9 29.455393357 
137 13 17.225513493 
6 18 18.315027867 
86 14 23.534186653 
86 18 26.561056739 
86 19 21.167437386 
35 1 28.515551536 
35 5 17.722888932 
35 8 12.456745864 
35 14 15.298186197 
35 17 26.816808071 
115 2 21.169774659 
115 4 47.315454178 
115 9 36.652312141 
115 15 12.289058149 
115 17 28.75362366 
115 19 29.66251224 
64 5 23.653134346 
64 7 37.02918837 
64 18 31.107954224 
167 3 26.218960934 
13 8 13.103402909 
13 14 15.944843242 
93 0 30.168801697 
93 4 34.37455921 
93 6 13.318002383 
173 9 35.38866733 
42 8 8.877485322 
42 12 23.993375714 
42 14 11.718925655 
42 17 23.237547529 
122 14 17.401859861 
122 18 16.969160481 
71 14 41.676175324 
71 16 30.192386262 
151 2 16.105704573 
71 19 39.309426057 
151 10 22.536570399 
151 12 21.469410774 
142 3 33.416423736 
151 17 23.689553574 
151 19 24.598442154 
20 9 31.437142988 
20 11 22.270139156 
20 16 20.963506803 
100 4 34.58209962 
100 6 13.525542793 
100 7 26.341851897 
100 10 28.71020184 
100 19 29.52557432 
180 8 23.92962851 
180 12 39.045518902 
180 14 26.771068843 
180 15 26.363053744 
180 17 38.289690717 
170 0 33.429713211 
49 0 28.960431538 
49 4 33.166189051 
49 6 12.109632224 
49 7 24.925941328 
49 10 27.294291271 
49 19 28.109663751 
164 7 26.071240272 
78 0 61.049227633 
78 8 43.261856054 
78 12 62.12513586 
78 18 56.430219949 
27 6 22.205020684 
27 7 35.021329788 
116 3 28.551890982 
27 11 37.236625908 
107 2 24.420652869 
107 4 50.566332388 
107 9 39.903190351 
107 10 30.851518695 
107 12 29.78435907 
107 15 15.539936359 
107 17 32.00450187 
187 12 23.464308133 
187 15 9.219885422 
187 17 25.684450933 
160 4 59.04686086 
56 1 29.065624304 
56 4 45.302987496 
56 5 18.2729617 
56 9 34.639845459 
56 11 26.957301136 
136 9 23.479239115 
136 11 14.312235283 
5 9 29.832842101 
5 11 20.665838269 
85 4 51.360482266 
85 6 30.303925439 
85 7 43.120234543 
85 9 40.697340229 
85 18 42.208005798 
165 4 48.825092465 
132 1 44.358577624 
165 9 38.161950428 
165 10 29.110278772 
165 12 28.043119147 
165 15 13.798696436 
165 17 30.263261947 
34 3 34.312473027 
34 6 23.106116326 
185 1 35.913832744 
34 16 16.206029987 
34 18 17.88663794 
114 8 15.606676248 
114 12 30.72256664 
114 14 18.448116581 
114 17 29.966738455 
12 17 34.732129829 
63 4 43.343247767 
63 6 22.28669094 
63 7 35.103000044 
63 9 32.68010573 
63 10 37.471349987 
143 0 42.499730642 
143 1 31.367633274 
143 5 20.57497067 
143 7 33.951024694 
143 8 24.712359063 
143 13 24.711974565 
12 2 27.148280828 
12 3 38.121678223 
12 10 33.579146654 
12 15 18.267564318 
92 1 28.412653504 
12 19 35.641018409 
92 4 44.650016696 
92 5 17.6199909 
92 7 30.996044924 
92 9 33.986874659 
92 13 21.756994795 
172 8 9.863216877 
172 12 24.979107269 
41 5 35.94507488 
41 7 49.321128904 
41 18 43.399894758 
121 9 40.931681178 
121 11 31.764677346 
70 1 19.934768915 
70 5 9.142106311 
70 7 22.518160335 
70 13 13.279110206 
150 2 19.621497535 
150 12 24.985203736 
150 15 10.740781025 
150 19 28.114235116 
99 1 20.849289256 
99 4 37.086652448 
99 5 10.056626652 
99 9 26.423510411 
99 13 14.193630547 
157 2 27.212811828 
179 4 52.163709876 
179 18 26.545183079 
48 3 23.572875461 
48 14 16.858579432 
48 16 5.37479037 
82 3 26.750494715 
128 6 11.492309147 
128 7 24.308618251 
77 0 52.770461553 
77 8 34.983089974 
77 18 31.426666159 
157 3 38.186209223 
157 10 33.643677654 
157 12 32.576518029 
157 15 18.332095318 
157 17 34.796660829 
157 19 35.705549409 
26 0 24.325020346 
26 4 28.530777859 
26 6 7.474221032 
26 7 20.290530136 
26 10 22.658880079 
106 1 30.799874474 
26 19 23.474252559 
106 4 47.037237666 
106 5 20.00721187 
106 9 36.374095629 
106 13 24.144215765 
186 6 20.622679731 
186 7 33.438988835 
186 11 35.654284955 
55 2 22.206852793 
55 3 30.920171879 
55 10 28.637718619 
55 12 27.570558994 
55 15 13.326136283 
55 19 30.699590374 
135 9 23.58712455 
135 11 14.420120718 
135 15 8.343691736 
100 0 30.376342107 
4 3 41.327288323 
4 8 22.34667278 
4 14 25.188113113 
84 4 54.387537186 
84 5 23.166212195 
84 7 36.542266219 
164 1 23.487848852 
84 18 30.621032073 
164 5 12.695186248 
164 9 29.062070007 
164 13 16.832190143 
33 14 38.746959214 
33 16 27.263170152 
113 14 34.968271307 
113 18 33.405050061 
62 2 33.913907138 
62 3 44.887304533 
62 10 40.344772964 
62 12 39.277613339 
62 15 25.033190628 
62 17 41.497756139 
62 19 42.406644719 
142 4 44.231390331 
142 9 33.568248294 
142 16 15.218338645 
11 1 19.552679997 
11 5 8.760017393 
11 13 12.897021288 
91 1 38.480230798 
91 4 54.71759399 
91 5 27.687568194 
91 7 41.063622218 
91 9 44.054451953 
91 13 31.824572089 
171 4 36.135230312 
171 5 9.105204516 
190 14 11.228170576 
190 17 22.74679245 
190 8 8.386730243 
190 12 23.502620635 
191 13 14.701141877 
191 7 23.940192006 
191 4 37.594163778 
191 9 26.931021741 
191 5 10.564137982 
192 11 16.168466422 
192 9 25.335470254 
193 16 10.451429352 
193 3 28.649514443 
194 10 34.358624984 
194 2 27.927759158 
194 15 19.047042648 
194 17 35.511608159 
194 19 36.420496739 
194 12 33.291465359 
195 2 16.17001016 
195 10 22.600875986 
195 15 7.28929365 
195 3 27.143407555 
195 17 23.753859161 
195 12 21.533716361 
196 16 7.336626756 
196 3 25.534711847 
198 6 19.383481893 
198 16 18.07793873 
198 18 19.758546683 
198 3 36.18438177 
0 1 30.212910897 
0 5 19.420248293 
0 13 23.557252188 
40 13 15.522035094 
106 2 29.571565984 
29 2 28.502703032 
29 3 39.476100427 
29 15 19.621986522 
69 10 39.927654654 
69 15 24.616072318 
69 17 41.080637829 
18 1 23.121232835 
18 5 12.328570231 
7 2 25.706634732 
47 3 48.053195218 
7 12 31.070340933 
7 15 16.825918222 
7 17 33.290483733 
47 16 29.855110127 
87 11 31.944530027 
36 0 37.75734963 
104 1 20.366469966 
36 4 41.963107143 
36 6 20.906550316 
36 7 33.72285942 
36 10 36.091209363 
88 5 21.493477641 
36 19 36.906581843 
88 1 32.286140245 
84 3 43.703963704 
84 9 43.356588743 
25 9 35.424039674 
65 2 17.071168238 
25 11 26.257035842 
65 15 8.190451728 
65 17 24.655017239 
91 3 48.225319703 
105 18 28.407002557 
14 3 45.499114699 
54 3 26.360845027 
14 16 27.301029608 
54 16 8.162759936 
41 11 46.968447596 
3 18 21.344946816 
43 13 24.852109378 
101 0 42.43121787 
32 3 50.934663319 
72 0 35.913343874 
32 9 50.587288358 
32 11 41.420284526 
72 4 40.119101387 
72 6 19.06254456 
72 10 34.247203607 
72 19 35.062576087 
102 11 30.680044827 
61 3 40.860261661 
21 18 20.140052189 
61 15 21.006147756 
61 17 37.470713267 
61 19 38.379601847 
10 8 31.349789839 
10 14 34.191230172 
90 2 35.37279735 
90 15 26.49208084 
64 3 44.190885855 
64 9 43.843510894 
104 5 9.573807362 
39 9 30.834939454 
79 2 23.349708948 
39 11 21.667935622 
79 12 28.713415149 
79 15 14.468992438 
78 11 59.795324204 
28 11 28.716213479 
68 8 22.298469791 
68 14 25.139910124 
17 2 18.783200795 
17 10 25.214066621 
17 12 24.146906996 
17 15 9.902484285 
17 19 27.275938376 
97 8 31.288718102 
92 2 27.184345014 
43 5 20.715105483 
86 9 32.588024036 
46 18 22.852819745 
35 0 30.809408104 
35 4 35.015165617 
35 7 26.774917894 
35 10 29.143267837 
35 15 18.406526536 
35 19 29.958640317 
64 11 34.676507062 
104 4 36.603833158 
104 9 25.940691121 
104 13 13.710811257 
13 0 31.456065149 
13 4 35.661822662 
13 6 14.605265835 
53 14 40.087293707 
53 16 28.603504645 
95 10 26.951653945 
41 3 56.482826389 
42 0 27.230147562 
42 4 31.435905075 
42 6 10.379348248 
42 7 23.195657352 
2 3 29.155922205 
42 19 26.379379775 
82 13 16.860156205 
2 16 10.957837114 
82 1 23.515814914 
82 5 12.72315231 
57 11 23.85742787 
71 1 45.155791552 
71 4 61.393154744 
71 9 50.730012707 
71 13 38.500132843 
63 3 42.264697529 
20 8 23.577629439 
60 2 26.917641609 
20 14 26.419069772 
100 3 33.503549382 
60 12 32.28134781 
60 15 18.036925099 
61 2 29.886864266 
60 17 34.50149061 
61 10 36.317730092 
6 11 21.883580705 
9 1 33.210597515 
9 4 49.447960707 
9 5 22.417934911 
49 3 32.087638813 
9 13 26.554938806 
49 16 13.889553722 
53 3 46.801589736 
89 16 20.59497747 
57 9 33.024431702 
38 6 45.00523323 
38 7 57.821542334 
38 11 60.036838454 
78 6 44.76371898 
78 7 57.580028084 
27 3 42.183027273 
27 14 35.468731244 
27 16 23.984942182 
87 9 41.111533859 
67 14 24.272777404 
72 7 31.878853664 
107 18 27.220662438 
16 8 21.41114949 
8 18 19.816890793 
16 14 24.252589823 
56 15 18.956599304 
45 0 44.25508033 
45 17 32.911904563 
34 9 30.62219461 
34 11 21.455190778 
75 9 37.419485111 
75 11 28.252481279 
71 5 34.363128948 
23 9 55.400625758 
23 11 46.233621926 
63 16 24.066612438 
40 5 11.385031199 
91 15 28.371205798 
12 18 29.948290397 
98 11 26.264511665 
52 18 32.179208333 
92 12 32.548051215 
92 15 18.303628504 
92 17 34.768194015 
1 11 22.717357521 
41 9 56.135451428 
81 13 17.796471295 
5 8 21.973328552 
30 9 29.943536647 
30 11 20.776532815 
5 14 24.814768885 
43 1 31.507768087 
70 12 24.070166626 
70 15 9.825743915 
69 2 33.496788828 
69 3 44.470186223 
67 8 21.431337071 
85 3 50.281932028 
86 11 30.129609577 
81 1 24.452130004 
85 16 32.083846937 
81 5 13.6594674 
59 8 31.047541767 
99 2 19.620980766 
59 14 33.8889821 
99 10 26.051846592 
99 12 24.984686967 
99 15 10.740264256 
99 17 27.204829767 
48 1 20.33819566 
48 4 36.575558852 
48 5 9.545533056 
48 9 25.912416815 
88 4 48.523503437 
48 13 13.682536951 
88 9 37.8603614 
88 13 25.630481536 
37 1 37.995175015 
37 5 27.202512411 
97 3 50.269333645 
37 13 31.339516306 
77 6 36.4849529 
77 11 34.995218997 
100 16 15.305464291 
97 14 34.130158435 
26 3 27.452227621 
66 4 43.849451123 
26 16 9.25414253 
106 10 36.00243181 
106 12 34.935272185 
106 15 20.690849474 
106 17 37.155414985 
106 19 38.064303565 
15 8 31.234645559 
15 14 34.076085892 
95 0 28.617794212 
95 4 32.823551725 
95 6 11.766994898 
95 7 24.583304002 
55 18 25.006862362 
89 3 38.793062561 
95 19 27.767026425 
4 0 40.69933502 
80 9 48.941159825 
44 14 29.998357792 
44 16 19.164607981 
33 1 42.226575442 
33 4 58.463938634 
33 5 31.433912838 
33 9 47.800796597 
33 13 35.570916733 
22 8 40.05184246 
80 11 39.774155993 
22 14 42.893282793 
102 9 39.847048659 
62 18 36.713916707 
90 3 46.346194745 
11 2 18.324371507 
11 12 23.688077708 
11 15 9.443654997 
91 2 37.251922308 
91 10 43.682788134 
91 17 44.835771309 
91 19 45.744659889 
109 14 31.00739094 
109 16 19.523601878 
110 2 20.871417945 
110 15 11.990701435 
112 16 19.372908675 
113 4 54.685250727 
113 9 44.02210869 
114 0 33.959338488 
114 6 17.108539174 
114 7 29.924848278 
114 19 33.108570701 
114 4 38.165096001 
114 10 32.293198221 
115 18 23.969784228 
116 1 25.317211181 
116 5 14.524548577 
116 13 18.661552472 
118 11 25.662693737 
119 16 15.498390783 
119 3 33.696475874 
121 14 35.913607962 
121 8 33.072167629 
122 9 26.455697244 
123 15 27.853833364 
123 2 36.734549874 
123 12 42.098256075 
124 2 33.105786984 
124 15 24.225070474 
124 12 38.469493185 
126 4 45.22721032 
126 9 34.564068283 
126 5 18.197184524 
127 16 16.473305197 
127 3 34.671390288 
128 16 13.272230645 
128 3 31.470315736 
130 11 33.097390677 
131 18 24.874330388 
132 3 61.053714883 
132 8 42.07309934 
132 14 44.914539673 
133 18 22.320391164 
134 11 20.642701932 
134 9 29.809705764 
135 8 15.727611001 
136 14 18.461165899 
136 8 15.619725566 
137 2 22.652863712 
137 15 13.772147202 
137 17 30.236712713 
137 12 28.016569913 
140 18 21.001409498 
141 10 38.57802193 
141 2 32.147156104 
141 15 23.266439594 
141 19 40.639893685 
142 5 19.389081331 
142 13 23.526085226 
142 1 30.181743935 
143 15 21.258608274 
143 3 41.112722179 
143 2 30.139324784 
145 2 24.175750625 
145 10 30.606616451 
145 15 15.295034115 
145 17 31.759599626 
145 19 32.668488206 
145 12 29.539456826 
146 1 20.450290441 
146 5 9.657627837 
146 13 13.794631732 
147 16 16.179322352 
148 6 28.408123746 
148 10 43.592782793 
148 7 41.22443285 
148 4 49.464680573 
149 8 15.906568796 
149 14 18.748009129 
150 18 22.421507104 
151 18 18.905714142 
152 18 24.865894591 
153 2 18.065133883 
153 10 24.495999709 
153 15 9.184417373 
153 17 25.648982884 
153 19 26.557871464 
154 9 41.375002949 
154 11 32.207999117 
155 18 27.75772468 
156 11 25.844165876 
156 9 35.011169708 
157 18 30.012821397 
159 16 26.775705575 
159 3 44.973790666 
160 11 37.775528297 
160 9 46.942532129 
161 5 10.994585707 
161 4 38.024611503 
161 9 27.361469466 
161 1 21.787248311 
161 13 15.131589602 
162 15 28.515353018 
162 8 31.270096679 
162 14 34.111537012 
164 15 13.378823852 
164 17 29.843389363 
164 2 22.259540362 
164 12 27.623246563 
165 18 25.479422515 
167 13 16.328622424 
167 5 12.191618529 
168 1 34.277878347 
168 13 27.622219638 
168 5 23.485215743 
169 15 21.681510849 
169 2 30.562227359 
170 16 18.358835395 
170 3 36.556920486 
171 2 18.66955863 
171 15 9.78884212 
171 17 26.253407631 
172 0 28.215879117 
172 6 11.365079803 
174 18 18.837969085 
175 11 23.021222264 
176 1 45.002088422 
176 13 38.346429713 
176 5 34.209425818 
177 15 17.089319403 
177 2 25.970035913 
177 12 31.333742114 
178 16 17.579731999 
178 3 35.77781709 
179 9 39.280739749 
179 11 30.113735917 
180 6 25.431491436 
180 10 40.616150483 
180 0 42.28229075 
180 7 38.24780054 
180 19 41.431522963 
180 4 46.488048263 
182 11 38.586640198 
182 3 48.101018991 
182 9 47.75364403 
184 11 23.126630495 
184 9 32.293634327 
185 2 34.685524254 
185 10 41.11639008 
185 15 25.804807744 
185 17 42.269373255 
185 12 40.049230455 
186 14 33.886390291 
186 16 22.402601229 
186 3 40.60068632 
187 18 20.900611501 
188 11 34.51253913 
188 3 44.026917923 
188 9 43.679542962 
189 11 28.113347287 
190 19 25.888624696 
190 0 26.739392483 
190 6 9.888593169 
190 7 22.704902273 
190 4 30.945149996 
191 2 20.128492096 
191 15 11.247775586 
191 17 27.712341097 
191 12 25.492198297 
192 8 17.475956705 
192 14 20.317397038 
193 1 25.414834642 
193 13 18.759175933 
193 5 14.622172038 
194 18 30.727768727 
195 18 18.970019729 
196 13 15.644373337 
196 1 22.300032046 
196 5 11.507369442 
198 11 23.327099521 
0 2 28.984602407 
0 12 34.348308608 
0 15 20.103885897 
40 15 12.068668803 
80 8 41.081646276 
80 14 43.923086609 
160 8 39.08301858 
119 1 30.461796073 
119 5 19.669133469 
29 18 31.302712601 
109 4 50.72437036 
149 0 34.259231036 
69 18 36.296798397 
149 4 38.464988549 
149 6 17.408431722 
18 15 13.012207835 
98 8 27.572001948 
7 18 28.506644301 
109 5 23.694344564 
87 8 33.25202031 
152 11 28.434447429 
36 3 40.884556905 
36 16 22.686471814 
88 2 31.057831755 
116 15 15.208186181 
156 14 29.993096492 
97 0 49.641380342 
65 18 19.871177807 
105 11 31.975555395 
145 18 26.975760194 
14 1 42.264434898 
14 5 31.471772294 
54 1 23.126165226 
157 11 33.581374235 
128 1 28.235635935 
128 5 17.442973331 
43 2 30.279459597 
3 11 24.913499654 
43 12 35.643165798 
43 15 21.398743087 
123 18 39.534559443 
32 8 42.727774809 
72 3 39.040551149 
54 5 12.333502622 
72 16 20.842466058 
134 14 24.791632548 
62 11 40.282469545 
61 18 32.686873835 
118 8 26.97018402 
10 0 49.702452079 
10 4 53.908209592 
10 6 32.851652765 
130 8 34.40488096 
90 18 38.172806919 
147 1 31.142727642 
39 8 22.975425905 
39 14 25.816866238 
159 1 41.739110865 
79 18 26.149718517 
68 0 40.651132031 
68 4 44.856889544 
68 6 23.800332717 
143 18 32.939334353 
134 8 21.950192215 
148 16 30.188045244 
49 1 28.852959012 
28 8 30.023703762 
49 5 18.060296408 
57 8 25.164918153 
17 18 21.583210364 
57 14 28.006358486 
121 4 55.630587382 
6 8 23.191070988 
46 11 26.421372583 
86 8 31.43709986 
44 5 23.335350667 
35 3 33.936615379 
47 1 44.818515417 
47 5 34.025852813 
115 11 27.538337066 
148 3 48.386130335 
116 2 24.088902691 
64 8 35.983997345 
64 14 38.825437678 
104 10 25.569027302 
104 12 24.501867677 
104 15 10.257444966 
104 19 27.630899057 
53 1 43.566909935 
53 4 59.804273127 
53 5 32.774247331 
13 16 16.385187333 
53 13 36.911251226 
95 3 31.745001487 
95 16 13.546916396 
2 1 25.921242404 
2 5 15.1285798 
82 2 22.287506424 
42 16 12.159269746 
162 0 49.622758919 
162 4 53.828516432 
82 12 27.651212625 
112 1 34.336313965 
82 15 13.406789914 
156 8 27.151656159 
112 5 23.543651361 
155 11 31.326277518 
71 2 43.927483062 
151 11 22.47426698 
71 12 49.291189263 
71 15 35.046766552 
71 17 51.511332063 
63 1 39.030017728 
63 5 28.237355124 
20 0 41.930291679 
20 4 46.136049192 
60 18 29.717651178 
140 11 24.569962336 
9 2 31.982289025 
9 10 38.413154851 
9 12 37.345995226 
9 15 23.101572515 
9 19 40.475026606 
89 13 28.902724051 
38 3 64.983239819 
78 3 64.741725569 
38 16 46.785154728 
78 16 46.543640478 
32 14 45.569215142 
27 1 38.948347472 
27 4 55.185710664 
27 5 28.155684868 
67 0 39.783999311 
67 4 43.989756824 
27 13 32.292688763 
67 6 22.933199997 
147 13 24.487068933 
16 0 39.76381173 
16 4 43.969569243 
16 6 22.913012416 
52 11 35.747761171 
136 0 33.972387806 
136 4 38.178145319 
136 6 17.121588492 
5 0 40.325990792 
5 4 44.531748305 
85 1 47.047252227 
85 5 36.254589623 
34 8 22.762681061 
34 14 25.604121394 
75 8 29.559971562 
114 16 18.888460672 
75 14 32.401411895 
131 11 28.442883226 
23 8 47.541112209 
23 14 50.382552542 
63 13 32.374359019 
40 2 20.949385313 
12 11 33.516843235 
92 18 29.984354583 
1 8 24.024847804 
41 8 48.275937879 
41 14 51.117378212 
121 0 51.424829869 
121 6 34.574030555 
81 15 14.343105004 
161 12 25.922646022 
161 15 11.678223311 
30 8 22.084023098 
104 2 19.138161476 
30 14 24.925463431 
110 18 23.671427514 
81 2 23.223821514 
161 2 20.558939821 
99 18 22.420990335 
48 12 24.473593371 
48 15 10.22917066 
88 10 37.488697581 
88 12 36.421537956 
88 15 22.177115245 
88 19 39.550569336 
37 2 36.766866525 
100 1 30.268869581 
141 18 34.947165673 
100 5 19.476206977 
37 12 42.130572726 
37 15 27.886150015 
159 5 30.946448261 
26 5 13.424885216 
146 2 19.221981951 
106 18 32.371575553 
146 12 24.585688152 
146 15 10.341265441 
15 0 49.587307799 
15 4 53.793065312 
135 0 34.080273241 
89 1 35.55838276 
89 5 24.765720156 
44 1 34.128013271 
44 4 49.715337212 
124 18 35.905796553 
33 2 40.998266952 
33 12 46.361973153 
33 15 32.117550442 
33 17 48.582115953 
153 18 20.865143452 
22 0 58.4045047 
102 8 31.98753511 
142 2 28.953435445 
102 14 34.828975443 
132 0 60.42576158 
142 10 35.384301271 
142 12 34.317141646 
142 15 20.072718935 
11 18 21.124381076 
114 3 37.086545763 
91 18 40.051931877 
164 18 25.059549931 
165 11 29.047975353 
167 2 21.755972643 
167 12 27.119678844 
168 15 24.168853347 
168 2 33.049569857 
168 12 38.413276058 
169 18 33.362236928 
170 1 33.322240685 
170 5 22.529578081 
171 18 21.469568199 
172 16 13.145001301 
174 11 22.406521923 
175 8 24.328712547 
176 15 34.893063422 
176 2 43.773779932 
176 12 49.137486133 
177 18 28.770045482 
178 1 32.543137289 
178 13 25.88747858 
178 5 21.750474685 
180 3 45.409498025 
182 8 39.894130481 
182 14 42.735570814 
184 8 24.434120778 
184 14 27.275561111 
185 18 37.485533823 
186 4 53.603369711 
186 1 37.366006519 
186 5 26.573343915 
186 13 30.71034781 
188 8 35.820029413 
188 14 38.661469746 
189 14 32.262277903 
190 16 11.668514667 
190 3 29.866599758 
191 18 22.928501665 
192 0 35.828618945 
192 6 18.977819631 
192 4 40.034376458 
193 15 15.305809642 
193 12 29.550232353 
195 11 22.538572567 
196 15 12.191007046 
196 2 21.071723556 
196 12 26.435429757 
198 14 27.476030137 
80 0 59.434308516 
0 18 31.784611976 
80 6 42.583509202 
40 18 23.749394882 
23 4 70.099531962 
104 18 21.938171045 
9 18 34.782298594 
49 15 18.743934012 
89 2 34.33007427 
38 1 61.748560018 
89 15 25.44935776 
38 5 50.955897414 
98 0 45.924664188 
72 5 25.013208744 
118 0 45.32284626 
60 11 33.286204016 
7 11 32.075197139 
27 12 43.083745183 
27 19 46.212776563 
67 16 24.713121495 
36 5 26.8572145 
116 18 26.88891226 
102 0 50.34019735 
53 2 42.338601445 
53 15 33.457884935 
85 15 36.938227227 
34 0 41.115343301 
114 1 33.851865962 
34 4 45.321100814 
14 15 32.155409898 
114 5 23.059203358 
87 0 51.60468255 
23 0 65.893774449 
42 5 16.330012432 
3 8 26.220989937 
23 6 49.042975135 
63 12 43.165415439 
43 18 33.079469166 
63 15 28.920992728 
32 0 61.080437049 
12 8 34.824333518 
52 8 37.055251454 
92 11 33.552907421 
63 2 37.801709238 
95 5 17.717659082 
1 0 42.377510044 
41 0 66.628600119 
41 4 70.834357632 
61 11 36.255426673 
81 18 26.023831083 
30 0 40.436685338 
30 4 44.642442851 
10 16 34.631574263 
72 1 35.805871348 
90 11 41.741359757 
100 15 20.159844581 
39 0 41.328088145 
39 4 45.533845658 
102 6 33.489398036 
78 5 50.714383164 
28 0 48.376366002 
68 16 25.580254215 
36 1 37.649877104 
32 4 65.286194562 
57 0 43.517580393 
57 4 47.723337906 
37 18 39.566876094 
112 15 24.227288965 
6 0 41.543733228 
80 4 63.640066029 
105 8 33.283045678 
46 8 27.728862866 
26 15 14.10852282 
27 2 37.720038982 
27 10 44.150904808 
27 15 28.839322472 
69 11 39.865351235 
75 0 47.912633802 
75 4 52.118391315 
95 1 28.510321686 
75 6 31.061834488 
47 15 34.709490417 
115 8 28.845827349 
88 18 33.857841324 
64 0 54.336659585 
86 0 49.7897621 
64 4 58.542417098 
44 15 24.018988271 
30 6 23.585886024 
13 1 31.348592623 
78 1 61.507045768 
13 5 20.555930019 
53 10 48.769467271 
53 12 47.702307646 
33 18 43.798276521 
53 19 50.831339026 
42 1 27.122675036 
2 15 15.812217404 
62 8 41.589959828 
102 4 54.545954863 
91 11 43.620484715 
54 15 13.017140226 
71 18 46.727492631 
119 15 20.352771073 
121 16 36.353952053 
128 15 18.126610935 
130 0 52.7575432 
131 8 29.750373509 
134 6 23.452055141 
134 4 44.508611968 
142 18 31.753445014 
143 11 36.507887191 
146 18 22.02199152 
148 1 45.151450534 
148 5 34.35878793 
149 16 19.18835322 
151 8 23.781757263 
152 8 29.741937712 
155 8 32.633767801 
156 0 45.504318399 
156 4 49.710075912 
157 8 34.888864518 
159 15 31.630085865 
160 0 57.43568082 
161 18 23.35894939 
164 11 28.628102769 
165 8 30.355465636 
167 18 24.555982212 
168 18 35.849579426 
169 11 36.930789766 
170 15 23.213215685 
172 1 28.108406591 
172 5 17.315743987 
174 8 23.714012206 
175 0 42.681374787 
176 18 46.573789501 
178 15 22.434112289 
178 2 31.314828799 
178 12 36.678535 
182 0 58.246792721 
182 4 62.452550234 
184 0 42.786783018 
184 6 25.935983704 
184 4 46.992540531 
186 2 36.137698029 
186 10 42.568563855 
186 15 27.256981519 
186 19 44.63043561 
186 12 41.50140423 
188 0 54.172691653 
188 4 58.378449166 
190 1 26.631919957 
190 5 15.839257353 
191 11 26.497054503 
195 8 23.84606285 
196 18 23.871733125 
198 4 47.193009557 
3 0 44.573652177 
7 8 33.382687422 
10 1 49.594979553 
10 5 38.802316949 
12 0 53.176995758 
13 15 21.239567623 
23 16 50.822896633 
27 18 40.520048551 
33 11 47.366829359 
36 15 27.540852104 
38 15 51.639535018 
42 15 17.013650036 
46 0 46.081525106 
52 0 55.407913694 
53 18 45.138611014 
60 8 34.593694299 
61 8 37.562916956 
62 0 59.942622068 
63 18 40.601718807 
67 5 28.883864181 
68 1 40.543659505 
68 5 29.750996901 
69 8 41.172841518 
71 11 50.296045469 
72 15 25.696846348 
78 15 51.398020768 
80 16 44.3634307 
89 18 37.130083839 
91 8 44.927974998 
92 8 34.860397704 
95 15 18.401296686 
105 0 51.635707918 
114 15 23.742840962 
115 0 47.198489589 
121 1 51.317357343 
121 5 40.524694739 
131 0 48.103035749 
148 15 35.042425534 
149 1 34.15175851 
149 5 23.359095906 
151 0 42.134419503 
152 0 48.094599952 
155 0 50.986430041 
157 0 53.241526758 
164 8 29.935593052 
165 0 48.708127876 
172 15 17.999381591 
174 0 42.066674446 
176 11 50.142342339 
178 18 34.114838368 
186 18 38.937707598 
190 15 16.522894957 
191 8 27.804544786 
195 0 42.19872509 
7 0 51.735349662 
10 15 39.485954553 
23 1 65.786301923 
23 5 54.993639319 
33 8 48.674319642 
60 0 52.946356539 
61 0 55.915579196 
68 15 30.434634505 
69 0 59.525503758 
71 8 51.603535752 
80 1 59.32683599 
80 5 48.534173386 
91 0 63.280637238 
92 0 53.213059944 
121 15 41.208332343 
149 15 24.04273351 
164 0 48.288255292 
191 0 46.157207026 
23 15 55.677276923 
33 0 67.026981882 
71 0 69.956197992 
80 15 49.21781099 
